
    Variable |            N         Mean           SD          Min          p25          p50          p75          Max
-------------+--------------------------------------------------------------------------------------------------------
      C_∆Pay |   21121.0000       0.0349       0.6785      -2.5505      -0.3062       0.0399       0.3526       3.0679
     Climate |   21121.0000       0.2652       0.4219       0.0000       0.0000       0.0000       0.5596       1.5755
Climate_Ci~C |   21121.0000       0.4807       0.6081       0.0000       0.0000       0.0000       1.0986       4.0943
      C_Size |   21121.0000      23.2085       1.3070      18.2424      22.2960      23.1321      24.0446      28.6969
       C_Lev |   21121.0000       0.4908       0.1924       0.0761       0.3506       0.5019       0.6337       0.9274
       C_Inv |   21121.0000       0.1282       0.0897       0.0006       0.0648       0.1137       0.1719       0.5163
       C_Ppe |   21121.0000       0.2245       0.1589       0.0002       0.1000       0.1906       0.3139       0.8610
   C_Firmage |   21121.0000       3.0369       0.2742       2.1972       2.8332       3.0910       3.2189       3.5835
     C_Board |   21121.0000       2.2617       0.1840       1.7918       2.0794       2.3026       2.3026       2.7726
    C_Occupy |   21121.0000       0.0137       0.0200       0.0001       0.0030       0.0070       0.0156       0.1326
     C_Indep |   21121.0000      37.5706       5.3313      33.3300      33.3300      36.3600      42.8600      60.0000
 C_Frequency |   21121.0000       1.0250       0.1274       1.0000       1.0000       1.0000       1.0000       2.0000
  C_Duration |   21121.0000       5.7857       4.1489       1.0000       3.0000       5.0000       8.0000      20.5000
----------------------------------------------------------------------------------------------------------------------
