
    Variable |            N         Mean           SD          Min          p25          p50          p75          Max
-------------+--------------------------------------------------------------------------------------------------------
        Pay∆ |  138840.0000       0.0323       0.7867      -4.1298      -0.3063       0.0222       0.3457       4.6359
        Rec∆ |  138840.0000       0.0324       0.8140      -3.8209      -0.3038       0.0059       0.3459       4.1484
     Climate |  138840.0000       0.4640       0.5731       0.0000       0.0000       0.0000       1.0986       1.7918
   S_Climate |  138840.0000       0.0082       0.0660       0.0000       0.0000       0.0000       0.0000       1.0000
   C_Climate |  138840.0000       0.0157       0.0796       0.0000       0.0000       0.0000       0.0000       1.0000
        Size |  138840.0000      22.1658       1.2995      19.1696      21.2345      21.9730      22.8943      27.2038
         Lev |  138840.0000       0.4099       0.2036       0.0469       0.2440       0.3987       0.5597       0.9903
         Inv |  138840.0000       0.1356       0.1127       0.0000       0.0598       0.1125       0.1783       0.6894
         Ppe |  138840.0000       0.2070       0.1522       0.0029       0.0892       0.1759       0.2913       0.6762
     Firmage |  138840.0000       2.9380       0.3404       0.6931       2.7726       2.9957       3.1781       4.1897
       Board |  138840.0000       2.1159       0.1994       0.6931       1.9459       2.1972       2.1972       2.8904
      Occupy |  138840.0000       0.0137       0.0197       0.0001       0.0029       0.0070       0.0158       0.1672
       Indep |  138840.0000      37.6468       5.5554      14.2900      33.3300      36.3600      42.8600     100.0000
----------------------------------------------------------------------------------------------------------------------
