
    Variable |            N         Mean           SD          Min          p25          p50          p75          Max
-------------+--------------------------------------------------------------------------------------------------------
      S_∆Rec |    6512.0000       0.0329       0.6938      -3.1126      -0.2576       0.0138       0.3020       3.5649
     Climate |    6512.0000       0.4883       0.5798       0.0000       0.0000       0.0000       1.0986       1.8718
Climate_Ci~S |    6512.0000       0.5123       0.6275       0.0000       0.0000       0.0000       1.0986       3.5835
      S_Size |    6512.0000      23.1287       1.3360      20.2604      22.1323      23.0623      23.9811      27.8122
       S_Lev |    6512.0000       0.4710       0.1976       0.0693       0.3166       0.4775       0.6217       0.9396
       S_Inv |    6512.0000       0.1314       0.0887       0.0005       0.0666       0.1162       0.1764       0.4762
       S_Ppe |    6512.0000       0.2220       0.1583       0.0000       0.0902       0.1873       0.3243       0.8067
   S_Firmage |    6512.0000       3.0376       0.2954       0.6931       2.8904       3.0910       3.2189       3.7842
     S_Board |    6512.0000       2.2669       0.1852       1.6094       2.0794       2.3026       2.3026       2.9444
    S_Occupy |    6512.0000       0.0126       0.0159       0.0002       0.0030       0.0071       0.0154       0.1153
     S_Indep |    6512.0000      37.7931       5.9833      20.0000      33.3300      36.3600      42.8600      80.0000
 S_Frequency |    6512.0000       1.0073       0.0739       1.0000       1.0000       1.0000       1.0000       2.0000
  S_Duration |    6512.0000       6.0585       5.2566       1.0000       2.0000       4.0000       8.0000      32.0000
----------------------------------------------------------------------------------------------------------------------
